1000
70
8 56
69
7 41
66
27 7
63
41 6
83
8 53
25
17 5
83
49 34
44
16 25
39
5 28
58
22 19
85
41 25
95
31 24
65
22 20
94
70 1
47
19 7
24
3 10
84
37 12
59
1 48
68
30 16
24
6 17
48
26 0
23
4 15
42
16 23
77
14 55
47
31 2
100
15 43
39
3 26
95
10 42
35
30 0
26
10 15
29
6 11
76
53 8
47
24 12
71
56 2
56
12 26
65
8 47
52
9 27
36
8 16
86
63 1
41
22 19
29
0 27
57
13 37
39
16 8
26
12 3
92
34 26
99
23 41
69
38 20
61
20 12
71
23 24
68
52 5
69
39 5
29
20 1
78
28 21
75
18 21
47
18 13
68
51 7
94
78 4
37
32 0
26
17 2
65
20 33
27
0 20
100
90 7
76
27 15
29
29 0
90
43 36
46
25 5
50
21 10
48
11 15
93
55 38
88
53 0
75
40 20
79
1 62
66
20 36
99
21 36
26
15 0
40
14 7
30
17 2
39
31 3
43
7 35
96
28 52
71
24 37
31
16 14
69
6 43
28
0 28
48
32 4
37
19 14
50
22 7
94
35 41
73
9 50
63
19 33
59
31 23
50
25 8
37
13 14
88
2 53
87
0 64
73
26 32
30
16 10
51
27 17
70
50 13
85
62 18
22
14 3
29
21 2
90
23 47
21
5 13
64
32 11
50
37 0
86
68 9
82
3 44
95
47 2
66
23 42
73
28 21
26
7 19
93
37 51
36
27 1
60
39 16
61
33 0
31
12 7
91
16 52
90
45 4
54
27 4
39
20 18
40
5 31
80
59 13
43
8 32
58
10 31
64
24 20
55
19 35
71
23 40
83
23 29
94
27 28
94
47 44
23
13 9
57
27 4
27
4 13
43
15 21
83
29 37
60
21 25
76
48 21
35
3 18
79
61 0
70
25 16
92
48 26
23
10 10
35
27 6
64
1 42
59
0 44
50
21 28
86
0 76
99
13 54
71
28 36
81
57 5
97
74 22
64
12 41
41
19 11
51
30 13
83
34 47
82
42 2
66
53 12
82
25 28
95
15 37
98
35 36
54
18 19
48
10 27
62
19 18
76
15 40
25
16 5
38
10 17
82
43 39
81
8 56
58
14 44
41
18 10
88
72 2
28
2 26
93
0 63
77
41 34
49
22 24
57
17 15
27
9 14
79
59 13
33
14 12
35
19 3
95
9 57
46
15 11
57
26 12
29
17 7
73
40 3
27
2 20
50
35 6
52
26 6
39
22 10
81
27 34
58
8 36
35
10 22
37
31 1
38
28 1
83
28 22
71
50 11
81
36 10
67
38 25
73
3 58
37
25 0
67
36 11
80
39 39
51
40 10
24
9 13
28
20 8
84
16 30
62
4 46
64
39 4
78
9 42
28
1 20
38
11 15
87
16 35
59
32 18
57
28 11
69
26 19
86
58 13
82
64 10
31
24 7
48
29 12
24
6 12
55
17 23
44
27 5
47
10 29
61
7 46
65
15 24
71
32 17
29
11 17
83
39 23
73
26 43
26
7 14
64
10 51
48
3 43
81
42 11
48
12 15
90
3 58
35
1 20
98
5 55
66
3 34
97
14 37
60
0 33
74
17 57
31
2 17
91
44 20
25
1 24
21
0 20
58
55 2
78
65 4
66
13 23
26
8 18
25
15 2
70
29 14
55
34 10
89
1 86
60
28 7
22
16 1
41
8 18
99
45 13
43
6 35
36
2 21
55
23 7
58
22 33
51
12 17
80
33 41
27
19 2
26
9 10
82
8 54
69
29 25
68
18 27
39
4 26
80
32 13
34
25 1
85
58 10
24
11 12
49
11 25
74
31 7
46
19 20
99
34 46
26
5 20
74
13 47
90
12 34
43
12 11
32
2 19
75
71 1
25
2 13
71
22 39
87
30 57
72
7 30
47
31 8
83
60 6
73
29 22
49
4 22
76
18 52
28
10 7
86
5 41
80
45 27
78
48 0
87
24 35
28
8 11
58
3 27
52
50 2
99
80 5
87
19 52
26
7 11
53
5 37
32
14 3
43
26 1
90
50 24
33
0 18
79
52 13
95
13 70
67
34 14
21
1 15
27
13 2
60
5 43
39
21 0
53
9 33
23
21 1
55
8 21
60
2 39
86
38 47
57
27 11
59
28 28
26
9 6
90
8 62
23
19 0
59
35 11
40
7 20
96
14 65
64
29 4
55
12 36
51
24 7
59
41 18
77
26 18
45
13 23
96
4 63
97
8 43
41
28 1
99
59 8
68
41 22
88
18 28
47
19 17
66
12 41
49
9 21
44
13 18
50
21 27
69
22 28
83
61 3
52
6 26
66
60 2
50
9 34
42
23 12
22
3 13
92
51 19
40
6 26
74
6 66
56
26 10
98
15 65
59
43 8
81
58 6
89
45 13
45
27 8
44
8 28
72
36 9
32
8 12
47
26 7
60
45 0
45
20 16
52
20 15
45
2 24
83
27 19
63
13 27
43
8 15
59
23 29
76
37 6
58
33 4
71
34 14
26
9 13
51
28 4
69
26 27
93
50 1
80
28 51
98
25 33
91
0 47
56
39 5
38
21 17
57
36 6
38
26 1
95
55 25
22
15 1
60
43 10
65
33 1
67
17 47
69
19 42
34
16 10
95
27 24
76
29 16
95
65 18
59
24 33
39
18 14
84
40 5
98
73 23
65
24 30
83
14 35
99
22 54
61
10 25
35
7 26
57
3 31
61
14 44
42
2 31
78
21 43
56
47 8
73
10 56
40
15 12
78
2 46
86
17 32
36
35 0
45
19 5
100
10 55
88
17 52
86
6 74
43
23 12
71
63 2
67
54 10
68
43 17
50
29 17
32
11 11
98
71 11
54
18 23
38
23 4
33
28 4
88
34 21
41
14 21
33
23 9
39
22 2
56
45 5
88
58 18
92
37 29
64
31 4
35
24 1
22
13 6
73
25 48
62
4 43
81
6 37
80
44 5
36
12 22
77
2 47
99
48 48
97
37 16
90
23 32
98
24 42
71
11 28
38
20 3
57
51 4
37
10 20
60
35 19
84
25 57
42
6 16
32
11 6
24
11 11
87
4 55
92
57 29
40
8 31
40
37 3
44
5 21
82
23 33
28
19 1
39
15 8
33
3 26
63
30 10
92
39 41
65
13 37
75
0 67
64
14 30
76
34 13
74
1 52
41
0 25
58
18 33
57
27 18
42
23 16
56
23 9
85
2 72
91
9 62
44
4 19
39
21 4
40
18 14
45
1 28
86
30 30
28
19 7
54
24 12
89
13 52
90
6 53
70
33 31
25
12 8
71
43 25
45
1 29
53
19 16
77
5 44
55
51 1
39
1 28
23
5 18
63
36 9
30
16 9
76
3 49
52
2 33
87
1 59
46
10 26
26
20 0
92
62 17
67
22 19
25
6 16
36
5 31
33
7 12
85
15 31
71
5 65
77
54 10
80
37 24
79
15 27
22
15 1
56
48 6
99
76 3
46
8 19
51
18 16
47
40 3
76
65 11
36
15 13
38
15 12
81
58 20
91
47 21
57
4 39
66
0 63
49
36 3
49
14 24
36
14 12
45
36 4
76
3 38
24
11 9
22
10 9
93
44 10
74
10 39
51
28 23
23
12 1
53
16 24
24
2 19
50
21 17
100
74 15
31
15 3
36
7 16
57
44 7
56
41 4
58
29 9
26
17 2
98
40 50
41
12 23
21
17 0
31
16 2
96
56 31
38
1 35
45
20 12
59
34 23
22
4 10
64
11 25
68
40 13
43
4 23
56
19 27
54
23 13
83
28 19
39
2 21
80
7 45
36
24 8
34
12 17
81
20 39
35
18 2
29
13 16
53
16 24
78
25 29
38
16 6
56
36 10
89
56 27
25
14 3
59
2 53
57
7 41
80
40 37
37
23 7
97
35 21
49
4 28
57
52 5
98
64 34
43
2 27
71
47 1
68
45 4
68
4 49
96
46 35
40
8 15
85
28 39
63
17 26
99
23 58
60
2 46
23
14 1
55
28 27
100
19 46
26
6 8
99
18 33
55
5 45
71
25 30
63
39 3
65
16 47
31
21 7
35
11 19
90
6 84
47
8 36
98
76 20
78
43 6
59
20 20
80
43 14
32
18 8
23
8 12
76
14 29
22
5 17
65
25 33
85
17 62
63
10 25
99
45 7
51
8 30
95
9 62
90
7 48
45
11 21
69
28 13
75
1 61
64
31 16
97
11 84
83
52 2
59
8 30
33
6 21
90
24 49
100
28 54
85
38 31
83
2 69
97
37 15
66
25 29
82
28 54
66
16 37
71
3 52
57
6 30
25
13 8
22
2 17
97
17 51
100
49 8
29
1 22
83
39 27
21
2 11
35
17 11
37
10 20
70
7 36
34
28 3
64
8 28
91
79 11
45
4 28
36
8 13
99
31 40
72
28 35
88
40 34
41
14 22
68
33 16
29
2 14
78
18 38
93
24 32
81
17 63
53
2 30
82
11 68
77
41 12
96
3 91
90
16 31
40
23 17
27
18 3
22
10 3
37
6 21
97
47 5
93
9 69
71
39 1
58
1 47
78
63 2
44
20 20
49
13 33
36
18 10
83
0 78
73
8 32
84
61 10
93
58 29
59
13 28
98
23 28
83
52 17
81
69 3
29
4 24
39
24 0
81
39 14
99
32 27
92
51 15
54
27 2
69
50 8
48
19 26
68
19 21
94
38 49
63
19 19
36
27 9
51
28 18
98
82 11
63
25 20
89
37 49
54
8 45
91
7 56
35
14 19
23
19 2
69
50 18
52
22 9
65
2 36
73
21 32
80
22 56
33
20 2
85
83 1
76
39 18
42
30 10
80
2 60
93
25 49
62
14 36
71
10 44
83
28 15
98
37 48
85
43 21
82
7 49
76
25 39
56
1 37
46
20 7
33
18 6
58
40 3
73
49 11
23
9 7
28
16 8
51
20 17
62
23 12
46
37 1
59
10 44
83
31 50
48
29 13
60
22 15
63
5 40
85
63 8
29
19 0
61
21 30
83
47 15
64
0 40
45
36 9
82
49 32
36
2 33
68
51 12
87
39 22
89
76 8
61
26 8
53
27 1
63
29 13
26
2 15
39
2 21
71
48 2
51
28 7
70
16 27
65
14 51
90
41 32
21
0 16
28
17 5
27
15 7
88
17 61
27
26 0
60
4 50
73
8 54
62
27 31
36
20 1
80
13 65
85
11 60
56
7 26
93
34 29
39
33 2
53
28 20
48
15 19
52
13 39
36
0 29
47
16 31
87
54 3
27
0 22
55
27 13
89
3 44
21
1 18
81
37 21
43
18 17
36
28 7
79
39 25
61
5 33
96
17 70
59
22 13
23
11 7
60
12 21
90
59 18
72
59 2
88
25 26
60
24 28
58
18 13
40
22 14
34
18 15
57
49 4
75
56 9
63
32 18
99
26 48
87
51 30
96
45 46
94
66 10
23
12 2
33
3 20
44
3 32
51
34 1
50
49 0
49
47 2
99
33 54
49
26 16
27
10 15
95
35 14
79
26 38
97
35 42
92
26 32
94
16 40
38
1 28
40
36 4
87
3 64
85
33 34
42
20 13
27
19 5
75
8 55
75
62 6
65
0 54
79
32 38
72
27 19
70
22 14
22
3 12
53
21 13
63
2 55
37
25 7
96
31 35
21
10 2
63
0 61
44
26 2
98
92 4
74
0 72
43
32 4
47
21 18
67
17 21
46
14 11
79
25 19
82
16 65
47
33 3
86
63 23
70
2 65
79
29 43
61
4 32
80
21 26
68
37 3
72
29 21
52
29 20
60
36 1
41
15 24
31
19 8
72
55 12
40
28 2
40
15 20
100
64 21
89
64 17
31
22 5
37
16 14
63
0 41
46
25 7
100
27 63
62
8 49
61
32 4
46
3 37
42
2 24
44
1 36
79
27 16
79
16 61
40
6 17
26
11 3
96
49 1
83
22 38
59
29 13
69
3 44
71
27 26
48
30 1
27
18 4
84
14 65
46
6 31
95
25 49
98
50 4
58
18 17
81
49 13
55
37 5
25
12 5
91
84 0
26
5 21
43
32 3
37
13 14
44
23 12
91
40 27
66
2 38
65
41 1
78
42 27
29
21 6
38
5 15
61
24 18
75
54 8
24
3 15
64
32 17
70
9 33
82
45 20
35
1 30
66
7 29
71
15 54
49
41 1
62
57 2
37
20 9
81
44 26
49
7 21
94
78 6
83
17 65
38
1 23
54
39 15
88
26 22
72
6 46
27
0 18
55
15 15
96
22 52
37
24 12
62
5 33
27
12 10
83
8 52
38
16 11
85
12 58
54
12 19
51
39 3
69
35 12
41
38 0
82
67 15
35
12 17
46
3 25
66
41 12
65
34 27
83
44 14
68
64 1
52
24 3
66
13 25
29
13 12
36
24 11
41
20 18
50
7 33
80
2 63
58
26 19
64
37 23
70
56 5
92
26 41
49
26 6
38
23 14
54
29 15
30
10 9
79
13 50
83
40 11
44
34 1
94
54 13
31
4 14
72
21 25
93
39 47
87
48 8
65
13 47
71
21 50
40
8 22
86
13 68
80
20 45
98
15 52
29
4 23
86
31 25
67
4 61
24
12 3
96
11 77
43
11 30
22
8 4
60
0 41
95
35 19
60
38 16
74
48 0
56
2 48
80
38 10
21
6 9
26
22 1
66
55 7
46
5 23
45
21 9
