391354704
392580127
329188046
605023102
885127583
234293435
843958157
914049134
508812643
761449289
490303254
696406904
510920353
406381939
959475666
831623984
233006537
171086486
769239150
269790581
255967978
218455514
576252616
397521051
651621695
612154374
526437922
684193530
589838629
33882834
998814027
769303761
380153439
376127162
247794021
237429192
696277090
354250230
205375901
567278116
15094967
483592878
686387678
310608126
369306097
769164343
168929255
976050167
807342959
428795346
498553755
695862799
858407668
799403526
853247250
839784201
469552462
261074029
162491987
630132840
190690601
183118414
368419903
376884473
782966782
436762364
287657443
539060937
697213649
533255514
845854527
541441538
535694490
76188595
730352990
204675353
259159631
761996947
482897112
761899512
678563233
26310782
555210014
792294829
223180374
959072445
74362918
892400970
272749690
157885468
493205513
294578711
912159033
287028611
270790158
791549003
455237558
539265445
654060062
706555380
211905308
261150394
10944371
469192038
896100764
987421740
669146185
953057924
938764730
819873213
668967931
170540890
315403352
436432744
144271285
502055685
167539852
320756840
155577519
285180990
286962554
859908256
258858254
70196990
508019451
379924191
789171041
174522548
71374936
832495385
272798806
739485176
576416982
514458433
91676067
649363165
676031517
499298444
669743874
83560050
693099171
830985389
349275888
372408491
422710592
948385502
912784740
398541806
530722716
959130907
626772350
974772784
432584974
133124880
899439877
494785688
898718924
145616852
532563471
904274966
61544425
35709121
630196957
435722472
183563373
745747097
511234349
851399790
756845557
215964874
409122437
531399616
487443269
397303434
597271366
290021118
749618970
653184597
275295277
166476607
809284962
878544009
273790691
230146175
313434125
948324737
4502593
690338618
929781040
292767968
187616650
690811851
607438639
354368872
200872636
173870344
284871652
47255094
966709725
166984162
62602024
243144705
363895887
57449413
621466154
502251300
598133144
808662052
179390549
65083211
18010372
174664713
779558895
279851429
958298059
753868052
614878767
938129530
830364884
484989926
910683930
396608586
732597291
909738435
434892607
828111894
927529436
716870219
228893722
255638867
49455039
102746463
2817608
600559365
488278381
195933611
31627535
432808830
430323798
832917631
781735301
633598001
258487128
931800463
215087801
667415730
586667558
570871512
325411143
155034612
711855486
313880059
104245741
711060991
941089953
905297639
461052475
94544111
690139885
138591253
11970669
345568369
263761454
770831982
348341979
226226142
609172170
538521845
636923216
316094798
724312146
331779172
976902822
674164731
34116740
66504998
164177227
700156015
358135869
310644345
277534355
15882435
239114532
858139334
660996127
228452702
250015527
324369980
636426304
740998718
995721473
740126701
177143291
502205998
233976201
913523581
202095167
442720447
127757494
6860075
384501740
418302605
248811810
821457757
523968924
735560150
585514076
653639677
278008209
178489963
791729564
651669658
613405491
137678040
98554200
537474411
647042412
448153010
192582494
801282475
828435336
991176084
150508332
416689365
502845651
842677626
375700177
843272752
299703416
597476989
909725994
791536335
618158706
144686938
221074209
636141987
213459211
432553134
415379688
751973735
75830570
765035826
64780316
85843830
67388035
778986276
105998892
854420476
929781040
765491334
451693069
965135829
161112383
314507934
379412651
306577314
149233713
699355090
733644580
409069377
321016738
818106060
733764435
566995628
10478210
271097341
793541987
561647185
163302338
647531380
582698502
623786887
115649675
349550571
979165256
400626019
344273430
964747961
981124249
41537825
874146072
997603257
371591069
806248886
109075147
928842223
996431219
216906472
685788673
747460359
738313203
871248980
941944811
240725157
654917203
599512664
870362391
50645452
859595663
524073601
143087415
372968269
684925118
637946208
155070590
980433210
436432744
518470817
545543007
884357380
518826374
709031216
379228471
719824065
963346787
896632608
868120532
60350395
134137118
334489260
817948093
187815135
433989345
702179913
203384790
573471
16765136
818794048
361376367
989205820
326405046
528493677
469584474
595934102
260788589
231889857
186863041
777575067
597476989
343559118
161112383
660595395
12065634
256672481
264119495
945531201
494645548
693185306
558914521
681569399
907992242
704865706
257790108
539670079
285894349
752292664
46519359
627168794
387194639
44988358
296426667
949382178
347136306
319291274
971456729
842752927
45025930
686387678
127035509
303547551
974479197
976703417
600735556
547422616
319418942
325791986
294648911
223788617
569362126
576252616
698289025
698393128
252984642
150383349
671686152
861103966
801403129
487636190
180103720
320745533
597000492
217771632
408808290
389424389
854781556
62843103
886463309
67750468
662082898
750209830
802174962
460550438
910475116
403302231
974214176
186551198
869590653
559689315
41638882
937959066
830498067
958147474
166476607
35883549
996444207
734346751
985602315
976639292
747460359
80268207
357740446
910443071
867810458
592958685
589085952
589846438
174664713
217702973
142276823
45380495
27197015
59311864
60922750
944667280
309620344
427189296
79059946
572358828
150962948
269948685
98134515
561330726
542330551
345577297
972567013
449485756
648935859
294923219
128391361
284478361
453886094
162491987
715308549
220285325
213481720
184175474
172234787
598567520
429647373
665596939
287807356
300694330
558364255
584146740
221654603
361376367
841423021
233584309
689578169
141441817
124800437
298405913
733948779
661453810
542330551
579122287
362413309
419560422
442045957
559277409
719433596
909704449
144114174
868609448
940713229
420110874
104151309
133093610
824506992
804015464
756485454
678000994
967570746
433324755
760167348
404476617
968190879
525756627
903954759
973538987
429908661
62517022
417686520
615424642
621004084
607903974
830172
658513456
512422663
891855875
435626329
953108496
802062153
363852886
930521640
493734213
419960834
61445997
817958690
580821860
119666126
590143950
742732114
899439877
295210310
979809859
816941360
562148865
14001451
858114343
840821567
506977058
661969120
879857457
334234333
983114389
274966152
180300078
20947384
361517244
548384183
461704704
923200873
556109825
457470921
179586844
359154840
380892468
205559128
288315040
153517478
744013089
285894349
46270729
195542974
496829846
293158349
196437276
589846438
489562953
586137235
506414725
309886676
233252986
374456647
102883725
519598035
231438167
579895101
272139846
768948576
181570892
576055639
104633834
206165853
572358828
428631452
262021518
58583564
996063627
605718373
24353478
807902521
47156315
388107944
780632323
336449082
840857773
153062515
74765478
830970940
409497683
417104715
576389087
932104313
171487534
303367583
321540654
605703624
75019863
190683362
996772836
928915317
281660351
159603639
128272121
18828034
917577338
85465457
61938149
455139097
316275350
56065721
426112376
651307149
12282623
310635519
838055856
983616932
664791221
335756670
741507864
659561723
714251315
61980215
773265095
927162230
376014606
751062689
107909864
275510938
792067532
164177227
431076308
452641377
826588930
708079024
407531469
284932919
730736669
279396927
1642570
974734575
645763809
774602755
113842099
267641099
710191737
280696226
332670053
107370524
319917624
284823478
531712928
858113159
160448179
162781326
894927340
192663009
223689857
169414170
233584309
404498148
363125449
545294196
99159731
592567057
725837848
186138379
467057212
194665124
130653412
353905768
272996394
63523791
227718252
909910059
613912780
385041248
566872342
439801096
78057019
819103954
481634231
787551067
797096853
454268815
653699150
262332106
431040916
808987818
114363479
293922341
838980789
462618612
32376406
647477402
127932079
415811992
508600766
372824685
756908250
168045559
65906083
774539177
118288077
356837122
179890986
339749917
634578131
53457146
384180422
124793854
975794010
806653616
939928732
362889182
672911634
505214105
360878558
27254402
310785311
372254770
237894311
693927918
970356618
369306097
870556006
200872636
453444267
569366465
261484432
514458601
696683958
660863315
427254
194327293
789844883
114064369
516048308
584922999
531142447
285308254
580802665
557130099
298743585
781329418
643928750
581836921
784973735
140393980
28754691
755391538
481279067
228803714
265835196
578011927
8929387
229880011
584104137
58903512
753327868
594614114
944775679
765899190
190170554
929781794
642989054
954059276
12589485
968654556
768793913
315659416
132472330
124034078
458748546
638642067
27154510
400794085
58903512
607704638
72031577
770622737
8478347
784687566
471566864
310608126
903370959
314857052
736061336
544009508
542440851
896489823
809248783
253523689
833443562
34232821
22387103
455110281
683840654
395443852
389424389
782378887
17054089
70196990
912159033
754621966
940320331
691083150
719367049
65083211
261150394
898012024
606951949
488267855
897172926
929057175
233252986
148858459
949193131
648466186
849865010
381010007
902869344
607367938
574007867
157573229
666030823
952527262
406474792
533021124
858957980
702475307
395311501
419795894
701513416
565050593
750917150
937591923
865728770
880998540
740284594
36731197
496627510
828016440
612442805
493499181
684007637
237696888
64780316
289675408
360448087
737287431
676347787
421846157
845925779
736762231
927877905
735756429
310599140
311187246
924618172
260903136
625626402
186793952
406474792
181685043
114901901
522314081
592201796
985897810
362277501
683509459
919221879
557083911
635566475
46489632
335840409
391519492
523513876
66253296
516974653
916669002
860598098
817438646
359686651
53809083
604955803
287807356
750977179
386014459
437763349
25083718
80268207
956277066
182410162
470049175
860822474
130906591
189826425
