55
45
37
36
31
29
29
28
27
24
23
22
24
22
22
21
25
21
19
18
19
17
17
16
21
18
17
16
18
16
16
15
25
20
17
16
16
14
14
13
17
14
13
12
14
12
12
11
16
14
13
14
12
12
11
16
13
12
11
13
11
11
10
27
21
17
16
15
13
13
12
15
12
11
10
12
10
10
9
17
13
11
10
11
9
9
8
13
10
9
8
10
8
8
7
21
16
13
12
12
10
10
9
13
10
9
8
10
8
8
7
16
12
10
9
10
8
8
7
12
9
8
7
9
7
7
6
31
24
19
18
16
14
14
13
15
12
11
10
12
10
10
9
16
12
10
9
10
8
8
7
12
9
8
7
9
7
7
6
19
14
11
10
10
8
8
7
11
8
7
6
8
6
6
5
14
10
8
7
8
6
6
5
10
7
6
5
7
5
5
4
24
18
14
13
12
10
10
9
9
8
7
9
7
7
6
14
8
7
8
6
6
5
10
7
6
5
7
5
5
4
18
13
10
9
9
7
7
6
10
7
5
7
5
5
4
13
9
7
6
7
5
5
4
6
5
4
6
4
4
3
37
29
23
22
19
17
17
16
17
14
13
12
14
12
12
11
17
13
11
10
11
9
9
8
13
10
9
8
10
8
8
7
19
14
11
10
8
8
7
11
8
7
6
8
6
6
5
14
10
7
8
6
6
5
10
7
6
5
7
5
5
4
23
17
13
12
11
9
9
8
11
8
7
6
8
6
6
5
13
9
7
6
7
5
5
4
9
6
5
4
6
4
4
3
17
12
9
8
8
6
6
5
9
6
5
4
6
4
4
3
12
8
6
5
6
4
3
8
5
4
3
5
3
3
2
29
22
17
16
14
12
12
11
13
10
9
8
10
8
8
7
14
10
8
7
8
6
6
5
10
7
6
5
7
5
5
4
17
12
9
8
8
6
6
5
9
6
5
4
6
4
4
3
12
8
5
6
4
4
3
8
5
4
3
5
3
3
2
22
16
12
11
10
8
8
7
10
7
6
5
7
5
5
4
12
8
6
5
6
4
4
3
8
5
4
3
5
3
2
16
11
8
7
7
5
5
4
8
5
4
3
5
3
3
2
11
7
5
4
5
3
3
2
7
4
3
2
4
2
2
1
45
36
29
28
24
22
22
21
21
18
17
16
18
16
16
15
20
16
14
13
14
12
11
16
13
12
11
13
11
11
10
21
16
13
12
12
10
10
9
13
10
9
8
10
8
8
7
16
12
10
9
10
8
8
7
12
9
8
7
9
7
6
24
18
14
13
12
10
10
9
12
9
8
7
9
7
7
6
14
10
8
7
8
6
5
10
7
6
5
7
5
5
4
18
13
10
9
9
7
7
6
10
7
6
5
7
5
5
4
13
9
7
5
5
4
9
6
5
6
4
4
3
29
22
17
16
14
12
11
10
9
8
10
8
8
7
14
10
8
7
8
6
6
5
10
7
6
5
7
5
5
4
17
12
9
8
8
6
6
5
9
6
5
4
6
4
4
3
12
8
6
5
6
4
4
3
8
5
4
3
5
3
3
2
22
16
12
11
10
8
7
10
7
6
5
7
5
5
4
12
8
6
5
6
4
4
3
8
5
4
3
5
3
3
2
16
11
8
7
7
5
5
8
5
3
5
3
3
2
11
7
5
4
5
3
3
2
7
4
3
2
4
2
2
1
36
28
22
21
18
16
16
15
16
13
12
11
13
11
11
10
16
12
10
9
10
8
8
7
12
9
8
7
9
7
7
6
18
13
10
9
9
7
7
6
10
7
6
5
7
5
5
4
13
9
7
6
7
5
5
4
9
6
5
4
6
4
4
3
22
16
12
11
10
8
8
7
10
7
6
5
7
5
5
4
12
8
6
5
6
4
4
3
8
5
4
3
5
3
3
2
16
11
8
7
7
5
5
4
8
5
4
3
5
3
3
2
11
7
5
4
5
3
3
2
7
4
3
2
4
2
2
1
28
21
16
15
13
11
10
12
9
8
7
9
7
7
6
13
9
7
6
7
5
5
4
9
6
5
4
6
4
4
3
16
11
8
7
7
5
5
4
8
5
4
3
5
3
3
2
11
7
5
4
5
3
3
2
7
4
3
2
4
2
2
1
21
15
11
10
9
7
6
9
6
5
4
6
4
4
3
11
7
5
4
5
3
3
2
7
4
3
2
4
2
2
15
10
7
6
6
4
4
3
7
4
3
2
4
2
2
1
10
6
4
3
4
2
2
1
6
3
2
1
3
1
1
0
